0
0
0
0
0.0915329
2.22651
13.0661
4.27537
2.81542
2.17298
11.0709
6.27201
8.98225
3.71518
1.72675
1.08268
2.08398
16.5647
41.9082
22.4001
12.6804
14.7847
10.1423
7.39313
5.72268
4.50756
3.58453
2.88931
2.37221
1.98992
1.82244
2.59538
2.03101
1.71231
1.49786
1.40676
2.31799
5.37201
5.57037
3.18637
2.25843
1.81674
1.52587
1.3069
2.15181
17.3394
70.9209
51.077
35.3917
17.9447
11.5465
12.8274
10.6173
7.9336
12.7952
27.8254
16.0961
11.2647
8.85268
7.31781
8.6585
32.2945
27.8515
15.6664
11.0012
8.66077
7.04072
5.80099
4.84808
4.12259
3.61617
4.47056
11.4983
6.19168
4.40902
7.33513
28.0262
30.3085
29.1462
16.5804
12.3656
16.5829
13.6941
29.0289
16.8722
11.9192
9.44599
7.71349
6.37325
5.38777
7.22442
36.6471
86.8702
51.1579
23.8823
16.588
11.3964
7.99495
6.24766
5.36955
13.1605
80.1523
133.9
55.1283
24.1888
14.7685
10.9717
8.95504
9.22875
7.40239
7.00638
17.5256
10.4887
18.8469
11.1079
8.04019
11.0477
60.0156
137.74
65.2415
45.2034
28.4205
23.2441
15.3482
11.5674
9.29765
7.67479
7.38183
15.9269
28.1911
50.8393
31.38
25.0231
15.8724
12.3443
14.3023
8.90293
6.50419
5.33652
4.83868
13.1774
79.3503
116.906
44.4507
21.4263
17.8436
73.4998
167.806
71.0507
29.2396
16.8634
12.2845
9.77807
8.06022
12.8913
62.2068
24.7363
20.5227
15.194
32.1071
19.6713
19.5909
13.2857
10.2551
8.40972
8.13291
36.1909
204.06
145.824
51.503
23.4718
19.0795
31.2834
16.9203
11.4115
9.00126
9.34828
25.5315
29.3453
17.9334
11.8328
10.7344
19.1775
49.1344
166.869
80.8587
33.1789
22.3275
15.2534
18.4587
27.9526
17.0908
12.5359
10.1761
8.51516
8.23389
15.6126
8.47316
5.82554
4.81767
4.26981
3.87944
3.58272
3.44469
3.56351
12.7271
58.8718
19.9183
7.48198
4.42184
4.94738
6.33107
4.17387
3.27559
2.82087
2.50462
2.42571
4.11568
6.80882
3.68855
2.53474
2.11646
1.86167
1.676
1.52806
1.40584
1.33979
1.56535
1.32405
1.18988
1.09822
1.02231
1.13102
2.55404
1.59515
1.09398
0.913802
0.956229
2.00605
2.93343
18.5053
18.3765
31.4154
32.2932
180.005
77.1261
32.3927
58.4549
32.9502
16.5084
10.7171
8.04313
6.34238
5.1112
4.19685
3.53976
3.22722
2.9518
4.43473
3.61606
2.71013
2.29172
2.4143
5.40034
3.20989
2.36669
2.00327
1.77364
1.61047
1.45634
1.33166
1.22848
1.24727
2.07037
1.47929
1.22314
1.09017
0.993844
0.914198
0.846306
0.78782
0.736878
0.691916
0.651681
0.615212
0.58179
0.61501
3.39486
21.923
7.58863
2.46114
1.15355
0.792701
0.649481
0.564024
0.501462
0.452467
0.413053
4.54402
39.326
14.3241
4.75911
2.237
1.55508
1.18188
0.948868
0.781778
0.944618
3.55915
4.33912
2.67124
5.63471
4.20942
2.39552
1.67604
1.46015
2.73302
3.82666
2.29698
1.64158
1.302
1.06926
0.893397
0.758856
0.656121
0.577439
0.516527
0.468544
0.429901
0.398008
0.371027
0.347667
0.327023
0.308464
0.291547
0.27596
0.26148
0.247945
0.235237
0.223265
0.21196
0.201266
0.191138
0.181538
0.172431
0.16379
0.155587
0.147799
0.140403
0.133378
0.126707
0.12037
0.11435
0.108631
0.368314
3.2251
7.00518
2.35733
0.937641
1.00347
0.917806
3.69278
3.13365
1.35619
0.760156
0.540018
0.422538
0.342682
0.28407
0.240346
0.207529
0.371713
2.33845
4.72431
3.18498
2.1935
1.35288
0.944912
4.0389
25.1043
10.3566
4.03691
2.61562
2.5959
1.84411
1.42269
1.18729
0.961431
0.790921
0.661983
0.564394
0.490396
0.433828
0.390386
0.460091
1.37409
1.69016
1.7029
2.6672
1.85798
1.41189
1.8238
4.44321
12.1869
6.61221
6.11733
12.2679
8.46731
10.4399
30.8188
18.2281
30.203
39.9516
43.8633
27.1216
16.4837
26.2468
100.848
56.6596
27.1376
22.7795
14.8848
12.1622
19.3126
17.6592
12.2487
11.4706
11.3643
8.76082
7.16704
6.04475
5.18267
4.51043
4.50838
8.5366
5.74185
10.8248
63.0439
28.9734
20.4843
16.9542
11.5788
8.89035
7.19341
6.29198
9.32686
17.1153
24.7403
33.6052
19.3289
19.2037
12.6515
11.1751
8.32766
6.74116
5.87963
7.95984
33.056
18.9429
11.7537
8.91333
7.80899
9.44065
11.8868
56.4271
40.3394
84.9387
35.9063
19.1005
13.2977
10.3909
8.63655
11.5617
50.3054
22.6617
20.3749
42.2598
22.1787
14.5702
11.2516
9.1408
7.55608
11.1223
51.5403
33.6113
17.8057
23.1137
57.9117
36.1981
19.9669
13.9007
10.8828
8.86225
7.35909
6.221
5.35848
4.70181
4.20348
3.8709
3.52461
3.73245
7.54169
4.52047
3.37805
2.93395
2.67317
4.89675
26.3853
23.1859
9.04406
4.71051
3.40558
2.83515
7.82282
52.3706
21.3502
15.6397
9.74333
7.36892
6.55509
4.99352
7.98594
48.2507
88.215
35.1302
17.665
11.9711
10.2972
18.4231
35.603
177.489
62.0208
24.4188
13.8846
9.96343
7.84459
6.40368
5.88283
9.54818
5.97907
7.32362
6.58296
24.5908
37.6995
20.4315
52.4184
51.6162
227.731
81.7921
30.5041
16.2672
11.3682
8.86284
7.20128
5.99634
5.10171
4.43036
3.92009
3.52526
3.21285
2.95937
2.74827
2.56802
2.4106
2.27043
2.14363
2.02747
1.92004
1.81994
1.72618
1.63801
1.7787
3.56039
2.05048
1.55495
1.34616
1.24317
1.16912
1.177
2.9762
13.1632
6.91731
2.62253
2.43169
10.4941
4.22092
5.7216
8.63649
6.43388
2.79365
1.63903
1.24217
1.04072
0.903213
0.798583
0.716397
1.01906
4.35379
4.67756
1.91583
1.05526
0.947052
2.26502
1.19583
0.801331
0.648437
0.561524
0.746231
2.76377
1.1898
0.657432
0.493474
0.422286
0.376732
0.34176
0.38088
0.940547
2.51868
20.0916
28.786
9.50995
8.73406
6.64564
4.00232
2.52375
1.85869
1.45437
1.16271
1.67006
8.99779
17.7632
18.795
8.48642
4.99625
3.7046
3.55349
3.45521
4.13896
11.6804
7.27727
16.7925
9.86258
6.9878
5.48314
4.39041
3.5306
2.86353
2.35741
1.97828
1.6949
1.48164
1.31884
1.19206
1.09092
1.00811
0.9565
1.05347
1.01135
1.4331
1.10323
1.34238
4.60026
2.13615
1.27942
0.990894
0.84795
0.749408
0.672581
0.610655
0.559965
0.648765
1.71661
0.982473
0.699172
0.585531
1.89154
17.5002
44.1804
16.9649
6.29282
3.35682
2.35669
1.82713
1.46007
1.18691
0.982452
1.24448
8.84005
42.0945
18.8747
9.48717
6.33004
4.79353
3.75839
2.98723
2.40875
1.97865
1.66036
1.4241
1.2469
1.11176
1.00642
0.92222
0.853096
0.794838
0.74453
0.700156
0.660317
0.624036
0.590629
1.78283
12.0415
5.2105
2.28979
1.71406
3.77661
2.20924
2.45128
7.85568
3.81391
2.3276
1.74249
1.40239
1.15618
0.968743
0.972536
2.12227
3.96111
25.0532
14.3245
11.486
7.9766
11.211
18.9189
51.7237
24.0823
13.1233
8.11226
5.87392
5.49243
6.70597
4.90896
3.9218
3.28379
2.84044
2.45195
2.14998
2.11907
3.99065
8.52809
32.3167
20.4912
14.8217
34.3755
33.4927
25.7397
19.6612
12.9778
9.9136
8.32463
7.45438
6.2892
5.28573
5.18599
4.72529
5.36925
16.6145
10.7109
8.48678
11.1536
14.3223
10.3108
12.9379
40.2881
30.8325
34.0737
19.183
13.1818
10.4395
10.3199
7.41654
5.79518
4.8324
4.17036
3.68021
3.30387
3.37888
7.17082
19.6187
73.096
29.8095
15.433
13.5073
22.2473
45.2642
28.7591
44.0351
31.79
20.4277
32.7276
33.8386
32.0412
21.569
26.4324
21.7496
14.7519
11.3285
9.22219
8.87884
20.466
36.5185
20.1517
18.6213
26.2858
25.3597
56.5246
69.6897
33.4449
32.404
23.1624
15.7454
12.1355
9.90222
8.39129
9.94752
29.427
16.4215
11.2007
16.5106
51.4774
76.1651
45.7595
24.0745
22.7801
23.7173
47.7831
82.3581
205.059
89.597
35.3328
19.4408
13.9049
11.0688
9.17855
8.04629
9.1612
9.85127
31.4334
31.5143
17.8538
16.1518
17.089
11.8179
12.8081
29.5852
52.9854
41.3173
40.9378
22.4906
16.0926
19.0394
12.0023
8.57707
6.92993
5.91825
5.1968
4.64892
10.9484
83.2702
179.632
76.937
145.165
97.6253
62.7632
29.0917
24.8391
81.2722
52.1779
24.9858
17.2428
24.5615
14.2232
10.9817
17.3967
10.1213
8.71275
19.7039
14.1656
40.831
99.0874
50.8881
29.1967
60.6397
39.4441
36.001
25.0572
57.2983
50.6469
28.9269
45.3063
33.4257
19.9456
14.3861
11.5268
9.59528
8.31086
8.55305
6.74611
5.76711
5.15205
4.6943
4.32826
8.00399
40.9208
25.7538
86.608
38.7086
28.2933
48.0745
24.6443
15.8295
12.0509
9.71836
8.00439
6.70101
5.71056
4.95828
4.38298
3.93673
3.58359
3.29744
3.05964
2.85709
2.6806
2.52379
2.38219
2.25266
2.26191
3.22726
2.3475
2.05235
6.82166
48.0332
27.4317
10.3207
5.38837
4.16943
6.43921
15.2309
77.8092
29.9005
13.9003
8.9828
6.83909
5.29221
4.25077
3.50802
2.96375
2.55927
2.25431
2.0201
1.83607
1.68773
1.56494
1.46065
1.36999
1.28956
1.21702
1.15072
1.08951
1.03255
0.979243
0.929148
0.881926
0.837314
0.931327
2.02457
1.69156
6.11107
3.98734
16.8021
5.58438
1.95072
1.03187
0.771116
0.661553
0.592713
0.540232
0.58
1.23857
0.756664
0.571493
0.49274
0.442944
0.403907
0.37142
0.343918
0.320343
0.317031
0.443876
0.336254
0.288691
0.263202
0.244208
0.228012
0.255061
0.587295
0.322394
0.228789
0.195939
0.178538
0.165586
0.15463
0.145005
0.172342
0.464148
0.235094
0.285685
1.33668
0.48739
0.21252
0.139383
0.115441
0.103251
0.0945857
0.087555
0.0815843
0.0763963
0.0718088
0.0676901
0.0639441
0.0605004
0.0573078
0.0543287
0.0515353
0.0489064
0.0464258
0.0440807
0.0418606
0.0713375
0.334867
0.15581
0.071989
0.0480588
0.0399954
0.0357884
0.0327492
0.030268
0.0281607
0.0263349
0.024727
0.0232893
0.0219867
0.0207929
0.0196889
0.182095
1.53717
0.643887
1.79624
0.6682
0.390235
1.82468
0.585312
0.189377
0.0874909
0.0835328
0.291256
0.135481
0.0786307
0.0574903
0.0461511
0.038326
0.0324793
0.0280378
0.0246405
0.0225019
0.0246391
0.0211352
0.0189296
0.0173104
0.0159691
0.0148195
0.0138224
0.0129482
0.0121719
0.0114738
0.0108384
0.304019
2.80867
2.01292
6.23626
7.03003
2.10968
0.636089
0.297958
0.452322
0.401709
1.45485
0.903558
2.94041
2.05079
0.859227
0.471349
0.337735
0.257886
0.205034
0.474968
3.02773
1.22171
0.603981
0.404514
0.31096
0.249669
0.245528
0.5626
0.365185
0.273504
0.222766
0.186307
0.158015
0.135991
0.119356
0.10989
0.221809
2.98871
16.7953
5.34012
3.74044
20.3101
10.4165
4.07694
2.17924
1.50807
1.79995
7.1469
4.44619
2.68952
1.95838
1.53368
1.44888
3.13358
2.09747
1.9698
5.31819
7.77327
7.70746
5.13713
3.50969
2.68294
2.13296
1.72103
1.4083
1.17293
3.0083
19.7009
8.10851
7.96567
8.03574
31.8313
38.7265
19.3462
12.1907
9.03865
7.12703
6.36464
4.74802
3.74971
3.14287
4.34922
17.3281
42.9093
43.1666
30.9871
41.794
84.6899
56.9709
58.9998
78.2073
112.713
92.0021
68.7853
42.8489
40.725
23.5661
16.9581
21.5259
14.77
11.4256
9.47813
7.98823
13.0891
65.2219
34.8711
19.8708
27.6613
22.75
15.4134
11.5449
9.38702
7.86738
6.70559
5.80699
5.35467
6.87105
5.20366
6.23936
21.7894
16.4719
8.78617
7.92362
5.69128
4.62411
4.00748
4.23609
12.1029
27.1496
16.3263
29.0693
15.8867
14.6352
8.82932
9.56083
38.2695
50.3141
27.6702
16.2111
11.7175
9.3424
8.40847
8.03461
20.9726
22.4507
120.927
44.6156
19.249
11.8289
8.8885
7.16614
5.94386
5.14107
5.42154
4.65828
3.863
3.39553
3.85227
10.1947
5.41573
3.69877
3.0625
5.45853
28.0972
10.4882
5.8057
13.2747
6.53991
4.13857
3.23926
2.73655
2.44762
2.79794
5.80371
35.5781
24.3593
105.145
38.9516
17.1515
10.6606
11.4197
43.2103
58.9757
28.6051
42.4218
58.9224
27.4016
16.2421
11.8754
9.54616
17.118
92.7147
164.103
246.251
84.2267
34.3101
18.2509
12.9833
11.725
11.1014
29.4257
22.2865
14.0703
10.6805
8.76741
7.36887
6.27833
5.42773
5.08135
7.20042
4.98828
6.10183
22.7105
9.43455
5.02092
3.72746
3.20775
2.88928
2.64525
2.4439
2.27304
2.1755
2.4703
2.24546
3.23807
2.23784
1.86602
1.74843
1.57792
1.46072
1.3667
1.28456
1.21067
1.44008
3.99188
3.25666
1.6717
1.17001
1.00133
0.914689
0.850964
0.796954
0.749165
0.914788
2.61073
1.24383
1.14586
4.18666
3.28031
1.36508
0.79377
6.76255
56.9293
17.29
4.75426
1.72224
0.972555
0.841136
1.66196
3.00987
18.7631
6.92964
3.00672
1.98861
3.27066
7.53995
10.2579
65.0442
30.8725
14.262
8.61115
6.27394
4.85935
3.83579
3.09692
2.75084
2.19793
1.83717
1.58519
1.39774
1.25353
1.13978
1.04781
0.971546
1.02232
2.0359
2.17139
1.36619
1.05824
0.915888
0.821903
0.751568
0.69197
0.638683
0.593771
0.555018
0.520934
0.490492
0.462937
0.437713
0.41441
0.392725
0.372434
0.353368
0.3354
0.318427
0.302368
0.287157
0.272736
0.259057
0.246076
0.233753
0.222052
0.210941
0.200388
0.190364
0.180844
0.1718
0.163208
0.494987
3.39828
1.92084
0.667289
0.311276
0.212929
0.175655
0.154127
0.1384
0.125942
0.115762
0.107265
0.495167
3.7713
1.21352
0.397772
0.193246
0.136133
0.112844
0.0987071
0.08828
0.080064
0.0734046
0.0678887
0.0632209
0.0591866
0.055631
0.0532027
0.0568139
0.429574
3.56911
1.11691
0.341568
0.145853
0.0930753
0.0730482
0.770831
6.65288
2.05682
0.595824
0.234695
0.13862
0.187181
0.918177
0.853312
1.66635
7.76047
4.449
1.54399
1.65686
4.98271
1.99169
0.9146
0.780538
2.36696
1.18925
0.739581
2.79732
21.4193
7.85491
6.23088
5.95653
3.66908
6.99703
9.14853
22.6384
18.769
14.7163
23.1749
26.3826
15.2839
10.5855
8.10896
6.3998
5.1179
4.15328
3.43404
2.89993
2.50177
2.20157
1.97123
1.79048
1.64498
1.52472
1.4227
1.33411
1.2556
1.18484
1.1202
1.06055
1.00506
0.953151
0.904372
0.858397
0.814966
0.773873
0.734947
0.698043
0.663035
0.629849
1.35549
7.65233
3.10528
3.75097
24.4702
44.0686
50.6617
24.9648
14.0639
12.2577
8.06934
7.76885
20.7042
19.8163
12.3402
9.05892
7.16274
5.77341
5.39346
10.3946
6.08765
4.89391
3.78297
3.19961
3.24559
2.74115
3.08394
9.74031
14.9927
9.25524
10.4613
6.67059
4.906
4.02427
4.20175
4.64335
18.5407
33.5369
32.5199
58.8511
72.9818
81.58
41.5682
21.0305
13.7956
10.4179
8.29117
6.76117
6.50346
12.2731
7.88872
5.68727
4.69049
4.06303
3.58831
3.56132
6.24106
4.93614
8.82196
10.0983
31.0879
15.9907
11.6909
8.35548
6.9831
5.53708
4.55009
3.83226
3.29219
2.88074
2.56371
4.48344
28.3886
65.3381
26.7404
22.6534
28.2275
29.2115
16.551
14.852
41.4857
27.9876
16.5489
19.8961
11.8734
8.40001
6.64287
9.45137
41.7479
18.1244
11.9182
17.2253
21.4668
26.6486
25.465
44.5987
42.6838
22.4847
14.717
10.0188
7.6588
11.3266
52.9412
22.7506
12.2231
12.2374
48.6123
101.806
40.9356
25.8402
62.7479
27.3522
14.8682
10.522
8.37979
6.97478
5.94676
9.30777
48.8953
75.0182
66.605
29.4053
17.3089
28.2717
142.22
113.399
128.902
248.625
88.4305
47.5944
43.7
24.0156
16.4225
12.8442
47.8537
363.931
184.736
71.8199
154.767
390.257
219.793
154.195
78.9489
47.9441
46.643
66.1702
32.8048
20.6284
15.7187
12.8728
10.9164
9.98982
8.20785
18.8112
115.282
40.6254
16.4366
9.95394
9.98809
27.4302
15.4524
18.9604
16.9198
15.7516
11.5459
9.29353
7.87831
7.4093
6.16566
5.25879
4.64637
4.1871
4.82341
14.4274
21.2947
12.0648
7.05813
5.33453
9.5119
48.8551
22.1768
12.967
21.6787
64.5099
87.8502
102.018
45.9074
68.4781
36.8942
19.7595
13.5187
10.4964
8.54256
7.12405
6.0635
5.26311
4.67135
4.35651
3.89355
3.55616
3.28958
3.06573
2.87178
2.70027
2.54613
2.40578
2.27661
2.15676
2.05807
2.06704
1.91944
1.80361
1.70261
1.60953
1.52285
1.78588
4.8091
5.09407
7.56734
4.3239
3.9354
2.12791
1.51409
1.27958
1.14893
1.17021
2.32025
5.77704
2.49355
1.39802
1.06201
0.9162
0.822476
0.749956
0.69042
0.640341
0.597434
0.560011
0.526812
0.496913
0.469642
0.694253
2.76273
1.57034
5.33105
19.1369
6.04118
1.91753
0.889201
0.606073
0.494002
0.427927
0.907048
5.27017
2.26611
3.09033
2.16448
1.16187
0.795219
0.626559
0.519426
0.440898
0.391231
1.2482
9.21605
14.3904
7.17752
26.5041
41.2664
19.0154
25.5616
13.7054
9.0065
6.75179
5.51316
6.59354
4.92713
4.28435
10.6988
16.2353
10.0808
7.4555
5.97263
4.85274
3.96092
3.26496
2.73357
3.28368
11.1787
7.34635
5.17787
11.7349
6.97868
4.88874
3.889
3.21311
2.69162
2.28528
1.97644
1.73305
1.63181
3.23736
11.2501
6.05656
5.74021
3.94516
3.06057
2.51053
2.10273
1.78806
1.54526
1.35804
1.21266
1.09811
1.00601
0.930216
0.866306
0.811154
0.762562
0.718989
0.679354
0.642894
0.609064
0.59045
0.676504
0.637645
1.2534
6.70539
3.04215
1.75875
1.83594
6.62055
8.252
3.99997
2.4945
2.68327
9.93198
25.9641
18.4177
12.9936
8.80014
6.62566
5.18081
4.10442
3.29279
2.68714
2.23856
1.90622
1.65802
1.55631
3.11401
10.823
5.94151
3.80719
6.44597
22.6709
17.5205
11.286
10.2798
7.63308
12.5329
66.4976
28.4912
17.3126
37.3883
29.794
16.7444
11.6432
8.98484
7.24517
6.27732
5.09967
4.31132
7.41675
36.0252
20.5657
12.2577
9.05411
7.26763
5.97156
4.97199
4.2033
3.61661
3.16863
3.47729
9.44974
12.7453
15.155
14.2575
12.6193
37.5761
36.5191
21.7595
13.9493
11.8123
14.4677
10.2609
8.01023
6.5658
5.61549
5.90261
4.7095
3.98215
3.48273
3.10083
2.79751
2.67803
4.30186
9.91306
5.39021
3.70681
3.03367
2.81903
7.03117
30.5251
16.8684
24.5841
16.0207
19.0123
20.5476
37.2664
34.6864
19.1326
13.0134
10.0115
8.36046
12.0639
29.1717
25.0768
60.1453
28.2409
16.8008
12.8902
9.97392
14.4058
10.3393
7.78971
6.41013
5.45301
4.71594
4.17738
4.06487
3.57279
3.21795
2.94063
2.7108
2.51584
2.34789
2.20327
3.24765
12.7528
5.51794
21.5405
174.344
57.8809
20.7685
23.6317
12.8528
8.70143
11.6754
52.0636
25.5024
13.7866
20.057
17.9863
11.5419
8.65209
6.9595
5.723
4.77165
4.04168
3.48499
3.05971
2.73146
2.47373
2.26685
2.09667
2.19449
13.761
129.821
378.839
142.981
114.685
395.67
145.052
46.8267
35.3199
150.992
66.1218
27.4455
16.5671
18.1807
12.5751
13.4113
10.1971
8.04664
8.89215
25.9767
14.4056
11.0358
8.44278
6.94213
5.87869
5.05989
4.42107
3.92169
3.52847
3.21433
2.95836
2.75625
2.67116
2.56278
4.12859
11.5464
5.33631
4.52769
2.96773
3.84432
15.8058
6.36373
3.2317
2.91095
7.47639
3.64521
2.30063
1.83923
1.60822
1.44794
1.67165
4.49309
2.27805
1.54569
1.63714
1.28331
1.1079
0.999951
0.917001
0.847898
0.788813
0.737515
0.695429
0.681759
0.633551
0.594753
0.560846
0.529846
0.504455
0.525069
0.873381
2.68799
1.77617
1.08767
1.10511
5.97808
11.3786
3.67576
1.28567
0.677797
0.498265
0.553599
2.80636
11.7566
3.86048
1.34337
2.38347
16.2341
7.52479
22.8499
12.8074
5.26185
3.6211
2.33361
1.7202
1.34793
1.08379
0.888384
0.743073
0.634787
0.553488
0.491592
0.443534
0.405325
0.513225
2.59085
9.59115
3.54867
1.56251
0.983861
0.754049
0.618752
0.522069
0.449177
0.393449
0.350389
0.322683
0.348716
0.315765
0.327716
0.306973
0.412081
0.328021
0.286661
0.296846
0.256727
0.228607
0.206795
0.188736
0.173559
0.519237
3.50663
1.39528
1.38536
4.79496
1.70236
0.694213
0.410881
0.307401
0.251083
0.212317
0.183462
0.161456
0.144414
0.130978
0.120153
0.11122
0.103664
0.097125
0.091349
0.0861586
0.0814291
0.0770726
0.0730263
0.0692449
0.0656948
0.0623507
0.0591931
0.0562065
0.0533779
0.0506967
0.0481535
0.0457721
0.043757
0.0414756
0.438955
3.75583
1.16753
0.345096
0.142038
0.0918701
0.108847
0.288131
1.66838
0.759783
0.314559
0.796949
5.1259
5.58239
1.79336
0.641211
0.333103
0.44216
3.71453
15.3027
7.10286
16.8869
12.0256
8.1929
3.91021
2.41989
2.29341
6.45273
4.75198
3.88916
8.39327
6.46762
4.58718
3.55575
2.82593
2.26064
1.84105
1.523
1.26671
1.0769
0.96478
1.12329
0.999141
3.9939
29.8804
12.5842
6.63929
4.61856
3.57282
2.84031
2.28598
2.32807
6.51307
9.00093
5.00558
3.44658
2.70926
2.2325
1.85262
1.91077
4.94215
5.72182
6.40235
23.6655
37.1244
18.9551
13.4979
22.8934
19.588
14.1563
9.92609
7.65064
6.12376
4.98838
4.13111
3.48625
3.00146
2.63445
2.35266
2.13194
1.97534
2.01017
1.85299
2.03909
5.70683
12.969
6.85966
4.01605
2.98851
4.30934
19.6109
10.4918
8.905
7.49048
8.03148
6.25054
5.51868
4.372
3.56314
2.96347
2.50788
2.16078
1.97591
2.46821
2.05262
1.79212
1.60194
1.44614
3.27351
20.5513
17.3545
7.73507
4.81716
3.52147
6.4581
38.7047
39.959
56.4893
25.7724
14.9339
10.7114
8.29741
7.6488
15.6809
14.0714
27.6903
15.2322
10.4345
9.14838
19.8518
48.9063
23.3676
13.9315
10.3088
8.22702
6.71581
5.5622
4.6836
4.01797
7.37824
39.2912
16.5341
15.3667
11.4288
45.5757
237.092
117.781
43.8914
39.5728
26.4338
31.6894
21.289
38.2585
32.474
74.5437
66.8642
53.1301
35.0122
22.9407
30.0045
107.11
81.8255
45.5176
35.6905
126.201
49.486
23.5743
15.5457
12.0956
9.98254
8.77274
10.2189
7.4809
6.3205
7.60623
13.7702
8.39102
5.95592
5.00766
4.64431
25.0031
187.123
85.3229
31.7021
16.4988
18.6124
83.4355
108.934
44.5815
41.3334
48.6718
42.2122
191.888
262.343
96.0546
111.532
45.7317
23.289
16.3492
21.492
55.4027
25.2115
14.6746
11.9959
18.5846
11.0168
11.9351
44.0205
22.7897
16.2119
11.8547
15.3478
63.9959
37.7012
48.8367
67.9027
152.556
221.863
80.4801
41.1156
22.1161
15.8487
18.3429
41.9533
187.908
155.25
56.1417
27.3463
32.3683
28.0804
17.9883
13.5934
11.1408
9.40249
8.08943
7.19216
6.3082
5.65127
5.14095
4.72862
4.38584
4.09383
3.83958
3.6139
4.48974
13.2847
6.27638
3.96819
3.38701
2.96759
2.7196
2.53244
2.37276
2.23101
2.37703
4.71373
4.33399
2.67662
2.09893
1.8588
1.95887
3.72988
2.19596
1.64115
1.44385
1.40697
1.27192
2.13853
10.7496
15.7221
5.50208
2.63507
4.29127
2.20527
1.44935
1.76605
5.00341
7.29778
3.28229
2.46036
1.84291
3.32567
3.80703
1.97829
1.31968
1.0558
0.903624
0.793991
0.70895
0.641342
0.586672
0.541615
0.503688
0.482684
0.553073
0.474623
0.422865
0.391556
0.366951
0.345292
0.325638
0.307626
0.291011
0.275594
0.261212
0.247737
0.235066
0.223119
0.211831
0.20115
0.191032
0.18144
0.188926
0.333106
0.344307
0.22064
0.175364
0.293292
3.87327
25.6789
29.0978
8.96666
2.91959
1.31869
0.839287
0.628011
0.497359
0.404649
0.417966
1.06897
0.73368
0.566752
0.465756
0.389123
0.328372
0.280774
0.243918
0.363833
1.59594
0.816345
0.525012
0.406917
0.335472
0.282266
0.240978
0.208977
0.1842
0.164883
0.149601
0.137263
0.127069
0.118442
0.110972
0.104373
0.0984428
0.0930388
0.088061
0.0834376
0.283066
1.97904
0.711247
0.296422
0.181251
0.139445
0.116326
0.100023
0.0876177
0.0779724
0.0703677
0.0642686
0.0592735
0.0550877
0.0514988
0.048356
0.0455526
0.0430136
0.0406859
0.0389232
0.0403006
0.0371264
0.0347103
0.0326404
0.0307504
0.0290086
0.0274022
0.0259173
0.0245391
0.0232542
0.0220512
0.0209208
0.125782
1.54227
5.33712
1.76565
0.510431
0.193879
0.109748
0.0789409
0.0621794
0.0508404
0.0426054
0.0364953
0.0319032
0.0283975
0.0256668
0.0234881
0.0217042
0.020205
0.0189142
0.0177785
0.0167611
0.0158362
0.0652473
0.962608
4.62797
1.40303
0.3972
0.306795
1.4547
5.70503
4.26998
11.1325
4.26417
2.26059
7.41467
5.20341
3.66055
9.56644
7.17539
3.33457
3.55268
9.50308
5.28451
3.16854
2.29132
1.77867
1.40964
1.13189
0.923774
0.769057
0.65417
0.568289
0.503205
0.453677
0.442652
0.603523
0.538827
0.482926
0.433342
0.389396
0.351792
0.32031
0.307953
0.607568
2.75896
5.9697
2.53595
1.3655
1.10789
1.79143
1.7404
2.1416
1.29414
0.923745
0.731645
0.602026
0.505391
0.431953
0.375945
0.33293
0.299439
0.272851
0.538585
5.27991
23.3886
9.82138
3.89351
2.08301
1.49932
3.1471
22.3011
70.6637
37.5415
70.7046
68.8468
51.0818
60.3862
33.7313
19.0707
14.7922
30.3338
37.7548
54.4259
69.7543
78.6295
71.0558
32.8497
25.5843
44.3233
24.1384
16.1719
12.5432
10.2294
8.76359
11.5797
26.4065
16.1679
29.7754
17.3671
12.4141
10.0092
8.38344
7.47402
9.28429
12.6069
60.3182
245.463
83.0922
30.7971
16.6618
11.8502
9.37939
7.7231
6.50886
5.69659
6.74456
13.7518
11.7885
6.7979
5.58239
15.1542
58.4405
23.5874
15.2772
22.8007
12.5523
8.57695
7.06015
8.26014
5.63855
4.40495
3.81533
5.25922
15.1055
7.43736
4.97126
5.76503
4.18386
3.41182
2.95009
2.60777
2.33568
2.16193
2.38254
2.08903
1.88818
1.73525
1.72513
3.27888
10.8596
12.319
31.3406
37.4374
87.6941
45.6949
21.5018
15.4734
10.6533
10.363
20.3486
10.7933
6.87603
5.26547
4.37174
3.70466
12.5892
89.8299
63.6797
303.726
126.432
42.6734
21.2313
40.8454
197.365
149.244
90.824
43.1048
49.9759
196.847
527.522
581.439
263.286
82.7829
40.3796
37.2726
128.959
53.9716
31.7822
73.8273
119.09
78.1538
36.3767
31.8661
54.1928
52.9889
27.7015
18.4655
15.2612
15.1723
11.7524
13.3447
9.60692
8.28138
7.14606
7.00456
6.03763
5.41348
4.95323
4.59658
4.26528
3.9818
3.73953
3.5682
3.35338
3.16278
2.99187
2.82987
2.6802
2.54611
2.45606
3.48105
11.477
22.1053
8.25937
3.92319
3.30093
4.49094
9.92567
32.5664
12.5536
6.00079
4.76673
6.44674
7.01971
3.95905
2.8432
2.78367
2.70687
3.59053
17.0333
38.5372
15.6634
8.05261
5.56096
4.34381
3.52052
2.90377
2.54157
3.07825
2.25817
1.85517
1.62205
1.45392
1.41766
3.14875
11.568
8.98064
3.84377
2.22961
1.6886
1.42102
1.30896
1.59827
1.2546
1.07093
0.953269
0.862332
0.7877
0.725395
0.672737
0.627568
0.588169
0.553231
0.52178
0.493105
0.759017
5.92737
29.8246
36.1052
21.6246
9.80124
9.80474
6.31188
4.5761
3.56266
2.83112
2.27482
1.85428
1.53993
1.30591
1.13092
0.998511
0.896486
0.816058
0.751011
0.701206
0.694504
0.729151
1.22606
0.939423
0.79334
0.724736
1.01348
2.20474
1.30653
0.948324
0.782207
0.671727
0.586222
0.527793
0.671968
1.81706
3.20552
1.54059
0.949515
0.726545
0.602723
0.529522
0.58979
0.474725
0.396844
0.350177
0.316351
0.289387
0.267089
0.248249
0.235315
0.304401
0.752147
1.02064
5.03817
1.84442
0.792341
0.553571
1.53314
6.54953
7.99559
2.84524
1.22636
0.754149
0.565476
0.455239
0.37762
0.319995
0.276606
0.2436
0.218125
0.198598
0.187164
0.173385
0.161349
0.150756
0.141347
0.132924
0.125314
0.118374
0.111989
0.106068
0.100545
0.0953682
0.0904982
0.0859043
0.0815624
